2021/11/08-08:12:59.727367 7f90f7543700 RocksDB version: 6.15.2
2021/11/08-08:12:59.727399 7f90f7543700 Git sha rocksdb_build_git_sha:
2021/11/08-08:12:59.727401 7f90f7543700 Compile date Jan  4 2021
2021/11/08-08:12:59.727451 7f90f7543700 DB SUMMARY
2021/11/08-08:12:59.727452 7f90f7543700 DB Session ID:  SP9LVG569MQTDITVQLVN
2021/11/08-08:12:59.727487 7f90f7543700 CURRENT file:  CURRENT
2021/11/08-08:12:59.727488 7f90f7543700 IDENTITY file:  IDENTITY
2021/11/08-08:12:59.727490 7f90f7543700 MANIFEST file:  MANIFEST-000103 size: 1329 Bytes
2021/11/08-08:12:59.727491 7f90f7543700 SST files in /home/nathanael/MASTER_S1/blockchain-besu/node2/data/database dir, Total Num: 3, files: 000038.sst 000060.sst 000108.sst 
2021/11/08-08:12:59.727492 7f90f7543700 Write Ahead Log file in /home/nathanael/MASTER_S1/blockchain-besu/node2/data/database: 000004.log size: 1798 ; 000040.log size: 261281 ; 000062.log size: 34989 ; 000083.log size: 240593 ; 000104.log size: 193 ; 
2021/11/08-08:12:59.727495 7f90f7543700                         Options.error_if_exists: 0
2021/11/08-08:12:59.727496 7f90f7543700                       Options.create_if_missing: 1
2021/11/08-08:12:59.727496 7f90f7543700                         Options.paranoid_checks: 1
2021/11/08-08:12:59.727497 7f90f7543700                               Options.track_and_verify_wals_in_manifest: 0
2021/11/08-08:12:59.727498 7f90f7543700                                     Options.env: 0x7f9072adb3c0
2021/11/08-08:12:59.727499 7f90f7543700                                      Options.fs: Posix File System
2021/11/08-08:12:59.727499 7f90f7543700                                Options.info_log: 0x7f90f185d3b0
2021/11/08-08:12:59.727500 7f90f7543700                Options.max_file_opening_threads: 16
2021/11/08-08:12:59.727501 7f90f7543700                              Options.statistics: 0x7f90f1784ef0
2021/11/08-08:12:59.727501 7f90f7543700                               Options.use_fsync: 0
2021/11/08-08:12:59.727502 7f90f7543700                       Options.max_log_file_size: 0
2021/11/08-08:12:59.727503 7f90f7543700                  Options.max_manifest_file_size: 1073741824
2021/11/08-08:12:59.727503 7f90f7543700                   Options.log_file_time_to_roll: 0
2021/11/08-08:12:59.727504 7f90f7543700                       Options.keep_log_file_num: 1000
2021/11/08-08:12:59.727504 7f90f7543700                    Options.recycle_log_file_num: 0
2021/11/08-08:12:59.727505 7f90f7543700                         Options.allow_fallocate: 1
2021/11/08-08:12:59.727506 7f90f7543700                        Options.allow_mmap_reads: 0
2021/11/08-08:12:59.727506 7f90f7543700                       Options.allow_mmap_writes: 0
2021/11/08-08:12:59.727507 7f90f7543700                        Options.use_direct_reads: 0
2021/11/08-08:12:59.727507 7f90f7543700                        Options.use_direct_io_for_flush_and_compaction: 0
2021/11/08-08:12:59.727508 7f90f7543700          Options.create_missing_column_families: 1
2021/11/08-08:12:59.727509 7f90f7543700                              Options.db_log_dir: 
2021/11/08-08:12:59.727509 7f90f7543700                                 Options.wal_dir: /home/nathanael/MASTER_S1/blockchain-besu/node2/data/database
2021/11/08-08:12:59.727510 7f90f7543700                Options.table_cache_numshardbits: 6
2021/11/08-08:12:59.727510 7f90f7543700                         Options.WAL_ttl_seconds: 0
2021/11/08-08:12:59.727511 7f90f7543700                       Options.WAL_size_limit_MB: 0
2021/11/08-08:12:59.727512 7f90f7543700                        Options.max_write_batch_group_size_bytes: 1048576
2021/11/08-08:12:59.727512 7f90f7543700             Options.manifest_preallocation_size: 4194304
2021/11/08-08:12:59.727513 7f90f7543700                     Options.is_fd_close_on_exec: 1
2021/11/08-08:12:59.727513 7f90f7543700                   Options.advise_random_on_open: 1
2021/11/08-08:12:59.727514 7f90f7543700                    Options.db_write_buffer_size: 0
2021/11/08-08:12:59.727515 7f90f7543700                    Options.write_buffer_manager: 0x7f90f185cb10
2021/11/08-08:12:59.727515 7f90f7543700         Options.access_hint_on_compaction_start: 1
2021/11/08-08:12:59.727524 7f90f7543700  Options.new_table_reader_for_compaction_inputs: 0
2021/11/08-08:12:59.727525 7f90f7543700           Options.random_access_max_buffer_size: 1048576
2021/11/08-08:12:59.727525 7f90f7543700                      Options.use_adaptive_mutex: 0
2021/11/08-08:12:59.727526 7f90f7543700                            Options.rate_limiter: (nil)
2021/11/08-08:12:59.727528 7f90f7543700     Options.sst_file_manager.rate_bytes_per_sec: 0
2021/11/08-08:12:59.727529 7f90f7543700                       Options.wal_recovery_mode: 2
2021/11/08-08:12:59.727529 7f90f7543700                  Options.enable_thread_tracking: 0
2021/11/08-08:12:59.727530 7f90f7543700                  Options.enable_pipelined_write: 0
2021/11/08-08:12:59.727530 7f90f7543700                  Options.unordered_write: 0
2021/11/08-08:12:59.727531 7f90f7543700         Options.allow_concurrent_memtable_write: 1
2021/11/08-08:12:59.727531 7f90f7543700      Options.enable_write_thread_adaptive_yield: 1
2021/11/08-08:12:59.727532 7f90f7543700             Options.write_thread_max_yield_usec: 100
2021/11/08-08:12:59.727533 7f90f7543700            Options.write_thread_slow_yield_usec: 3
2021/11/08-08:12:59.727533 7f90f7543700                               Options.row_cache: None
2021/11/08-08:12:59.727534 7f90f7543700                              Options.wal_filter: None
2021/11/08-08:12:59.727535 7f90f7543700             Options.avoid_flush_during_recovery: 0
2021/11/08-08:12:59.727535 7f90f7543700             Options.allow_ingest_behind: 0
2021/11/08-08:12:59.727536 7f90f7543700             Options.preserve_deletes: 0
2021/11/08-08:12:59.727536 7f90f7543700             Options.two_write_queues: 0
2021/11/08-08:12:59.727537 7f90f7543700             Options.manual_wal_flush: 0
2021/11/08-08:12:59.727537 7f90f7543700             Options.atomic_flush: 0
2021/11/08-08:12:59.727538 7f90f7543700             Options.avoid_unnecessary_blocking_io: 0
2021/11/08-08:12:59.727539 7f90f7543700                 Options.persist_stats_to_disk: 0
2021/11/08-08:12:59.727539 7f90f7543700                 Options.write_dbid_to_manifest: 0
2021/11/08-08:12:59.727540 7f90f7543700                 Options.log_readahead_size: 0
2021/11/08-08:12:59.727540 7f90f7543700                 Options.file_checksum_gen_factory: Unknown
2021/11/08-08:12:59.727541 7f90f7543700                 Options.best_efforts_recovery: 0
2021/11/08-08:12:59.727541 7f90f7543700                Options.max_bgerror_resume_count: 2147483647
2021/11/08-08:12:59.727542 7f90f7543700            Options.bgerror_resume_retry_interval: 1000000
2021/11/08-08:12:59.727543 7f90f7543700             Options.allow_data_in_errors: 0
2021/11/08-08:12:59.727543 7f90f7543700             Options.db_host_id: __hostname__
2021/11/08-08:12:59.727545 7f90f7543700             Options.max_background_jobs: 2
2021/11/08-08:12:59.727545 7f90f7543700             Options.max_background_compactions: 4
2021/11/08-08:12:59.727546 7f90f7543700             Options.max_subcompactions: 1
2021/11/08-08:12:59.727546 7f90f7543700             Options.avoid_flush_during_shutdown: 0
2021/11/08-08:12:59.727547 7f90f7543700           Options.writable_file_max_buffer_size: 1048576
2021/11/08-08:12:59.727548 7f90f7543700             Options.delayed_write_rate : 16777216
2021/11/08-08:12:59.727548 7f90f7543700             Options.max_total_wal_size: 0
2021/11/08-08:12:59.727549 7f90f7543700             Options.delete_obsolete_files_period_micros: 21600000000
2021/11/08-08:12:59.727550 7f90f7543700                   Options.stats_dump_period_sec: 600
2021/11/08-08:12:59.727550 7f90f7543700                 Options.stats_persist_period_sec: 600
2021/11/08-08:12:59.727551 7f90f7543700                 Options.stats_history_buffer_size: 1048576
2021/11/08-08:12:59.727551 7f90f7543700                          Options.max_open_files: 1024
2021/11/08-08:12:59.727552 7f90f7543700                          Options.bytes_per_sync: 0
2021/11/08-08:12:59.727553 7f90f7543700                      Options.wal_bytes_per_sync: 0
2021/11/08-08:12:59.727553 7f90f7543700                   Options.strict_bytes_per_sync: 0
2021/11/08-08:12:59.727557 7f90f7543700       Options.compaction_readahead_size: 0
2021/11/08-08:12:59.727558 7f90f7543700                  Options.max_background_flushes: -1
2021/11/08-08:12:59.727558 7f90f7543700 Compression algorithms supported:
2021/11/08-08:12:59.727559 7f90f7543700 	kZSTDNotFinalCompression supported: 1
2021/11/08-08:12:59.727564 7f90f7543700 	kZSTD supported: 1
2021/11/08-08:12:59.727565 7f90f7543700 	kXpressCompression supported: 0
2021/11/08-08:12:59.727565 7f90f7543700 	kLZ4HCCompression supported: 1
2021/11/08-08:12:59.727566 7f90f7543700 	kLZ4Compression supported: 1
2021/11/08-08:12:59.727567 7f90f7543700 	kBZip2Compression supported: 1
2021/11/08-08:12:59.727567 7f90f7543700 	kZlibCompression supported: 1
2021/11/08-08:12:59.727568 7f90f7543700 	kSnappyCompression supported: 1
2021/11/08-08:12:59.727571 7f90f7543700 Fast CRC32 supported: Not supported on x86
2021/11/08-08:12:59.727627 7f90f7543700 [/version_set.cc:4725] Recovering from manifest file: /home/nathanael/MASTER_S1/blockchain-besu/node2/data/database/MANIFEST-000103
2021/11/08-08:12:59.727742 7f90f7543700 [/column_family.cc:597] --------------- Options for column family [default]:
2021/11/08-08:12:59.727745 7f90f7543700               Options.comparator: leveldb.BytewiseComparator
2021/11/08-08:12:59.727746 7f90f7543700           Options.merge_operator: None
2021/11/08-08:12:59.727746 7f90f7543700        Options.compaction_filter: None
2021/11/08-08:12:59.727747 7f90f7543700        Options.compaction_filter_factory: None
2021/11/08-08:12:59.727747 7f90f7543700  Options.sst_partitioner_factory: None
2021/11/08-08:12:59.727748 7f90f7543700         Options.memtable_factory: SkipListFactory
2021/11/08-08:12:59.727749 7f90f7543700            Options.table_factory: BlockBasedTable
2021/11/08-08:12:59.727768 7f90f7543700            table_factory options:   flush_block_policy_factory: FlushBlockBySizePolicyFactory (0x7f90f178fe10)
  cache_index_and_filter_blocks: 0
  cache_index_and_filter_blocks_with_high_priority: 1
  pin_l0_filter_and_index_blocks_in_cache: 0
  pin_top_level_index_and_filter: 1
  index_type: 0
  data_block_index_type: 0
  index_shortening: 1
  data_block_hash_table_util_ratio: 0,750000
  hash_index_allow_collision: 1
  checksum: 1
  no_block_cache: 0
  block_cache: 0x7f90f178d940
  block_cache_name: LRUCache
  block_cache_options:
    capacity : 8388608
    num_shard_bits : 4
    strict_capacity_limit : 0
    memory_allocator : None
    high_pri_pool_ratio: 0,000
  block_cache_compressed: (nil)
  persistent_cache: (nil)
  block_size: 4096
  block_size_deviation: 10
  block_restart_interval: 16
  index_block_restart_interval: 1
  metadata_block_size: 4096
  partition_filters: 0
  use_delta_encoding: 1
  filter_policy: nullptr
  whole_key_filtering: 1
  verify_compression: 0
  read_amp_bytes_per_bit: 0
  format_version: 4
  enable_index_compression: 1
  block_align: 0
2021/11/08-08:12:59.727770 7f90f7543700        Options.write_buffer_size: 67108864
2021/11/08-08:12:59.727771 7f90f7543700  Options.max_write_buffer_number: 2
2021/11/08-08:12:59.727771 7f90f7543700          Options.compression: Snappy
2021/11/08-08:12:59.727772 7f90f7543700                  Options.bottommost_compression: Disabled
2021/11/08-08:12:59.727773 7f90f7543700       Options.prefix_extractor: nullptr
2021/11/08-08:12:59.727773 7f90f7543700   Options.memtable_insert_with_hint_prefix_extractor: nullptr
2021/11/08-08:12:59.727774 7f90f7543700             Options.num_levels: 7
2021/11/08-08:12:59.727774 7f90f7543700        Options.min_write_buffer_number_to_merge: 1
2021/11/08-08:12:59.727775 7f90f7543700     Options.max_write_buffer_number_to_maintain: 0
2021/11/08-08:12:59.727776 7f90f7543700     Options.max_write_buffer_size_to_maintain: 134217728
2021/11/08-08:12:59.727776 7f90f7543700            Options.bottommost_compression_opts.window_bits: -14
2021/11/08-08:12:59.727777 7f90f7543700                  Options.bottommost_compression_opts.level: 32767
2021/11/08-08:12:59.727778 7f90f7543700               Options.bottommost_compression_opts.strategy: 0
2021/11/08-08:12:59.727784 7f90f7543700         Options.bottommost_compression_opts.max_dict_bytes: 0
2021/11/08-08:12:59.727785 7f90f7543700         Options.bottommost_compression_opts.zstd_max_train_bytes: 0
2021/11/08-08:12:59.727785 7f90f7543700         Options.bottommost_compression_opts.parallel_threads: 1
2021/11/08-08:12:59.727786 7f90f7543700                  Options.bottommost_compression_opts.enabled: false
2021/11/08-08:12:59.727786 7f90f7543700            Options.compression_opts.window_bits: -14
2021/11/08-08:12:59.727787 7f90f7543700                  Options.compression_opts.level: 32767
2021/11/08-08:12:59.727788 7f90f7543700               Options.compression_opts.strategy: 0
2021/11/08-08:12:59.727788 7f90f7543700         Options.compression_opts.max_dict_bytes: 0
2021/11/08-08:12:59.727789 7f90f7543700         Options.compression_opts.zstd_max_train_bytes: 0
2021/11/08-08:12:59.727789 7f90f7543700         Options.compression_opts.parallel_threads: 1
2021/11/08-08:12:59.727790 7f90f7543700                  Options.compression_opts.enabled: false
2021/11/08-08:12:59.727790 7f90f7543700      Options.level0_file_num_compaction_trigger: 4
2021/11/08-08:12:59.727791 7f90f7543700          Options.level0_slowdown_writes_trigger: 20
2021/11/08-08:12:59.727792 7f90f7543700              Options.level0_stop_writes_trigger: 36
2021/11/08-08:12:59.727792 7f90f7543700                   Options.target_file_size_base: 67108864
2021/11/08-08:12:59.727793 7f90f7543700             Options.target_file_size_multiplier: 1
2021/11/08-08:12:59.727794 7f90f7543700                Options.max_bytes_for_level_base: 268435456
2021/11/08-08:12:59.727794 7f90f7543700 Options.level_compaction_dynamic_level_bytes: 0
2021/11/08-08:12:59.727795 7f90f7543700          Options.max_bytes_for_level_multiplier: 10,000000
2021/11/08-08:12:59.727796 7f90f7543700 Options.max_bytes_for_level_multiplier_addtl[0]: 1
2021/11/08-08:12:59.727797 7f90f7543700 Options.max_bytes_for_level_multiplier_addtl[1]: 1
2021/11/08-08:12:59.727798 7f90f7543700 Options.max_bytes_for_level_multiplier_addtl[2]: 1
2021/11/08-08:12:59.727798 7f90f7543700 Options.max_bytes_for_level_multiplier_addtl[3]: 1
2021/11/08-08:12:59.727799 7f90f7543700 Options.max_bytes_for_level_multiplier_addtl[4]: 1
2021/11/08-08:12:59.727799 7f90f7543700 Options.max_bytes_for_level_multiplier_addtl[5]: 1
2021/11/08-08:12:59.727800 7f90f7543700 Options.max_bytes_for_level_multiplier_addtl[6]: 1
2021/11/08-08:12:59.727801 7f90f7543700       Options.max_sequential_skip_in_iterations: 8
2021/11/08-08:12:59.727801 7f90f7543700                    Options.max_compaction_bytes: 1677721600
2021/11/08-08:12:59.727802 7f90f7543700                        Options.arena_block_size: 8388608
2021/11/08-08:12:59.727802 7f90f7543700   Options.soft_pending_compaction_bytes_limit: 68719476736
2021/11/08-08:12:59.727803 7f90f7543700   Options.hard_pending_compaction_bytes_limit: 274877906944
2021/11/08-08:12:59.727804 7f90f7543700       Options.rate_limit_delay_max_milliseconds: 100
2021/11/08-08:12:59.727804 7f90f7543700                Options.disable_auto_compactions: 1
2021/11/08-08:12:59.727805 7f90f7543700                        Options.compaction_style: kCompactionStyleLevel
2021/11/08-08:12:59.727806 7f90f7543700                          Options.compaction_pri: kMinOverlappingRatio
2021/11/08-08:12:59.727807 7f90f7543700 Options.compaction_options_universal.size_ratio: 1
2021/11/08-08:12:59.727807 7f90f7543700 Options.compaction_options_universal.min_merge_width: 2
2021/11/08-08:12:59.727808 7f90f7543700 Options.compaction_options_universal.max_merge_width: 4294967295
2021/11/08-08:12:59.727809 7f90f7543700 Options.compaction_options_universal.max_size_amplification_percent: 200
2021/11/08-08:12:59.727809 7f90f7543700 Options.compaction_options_universal.compression_size_percent: -1
2021/11/08-08:12:59.727810 7f90f7543700 Options.compaction_options_universal.stop_style: kCompactionStopStyleTotalSize
2021/11/08-08:12:59.727811 7f90f7543700 Options.compaction_options_fifo.max_table_files_size: 1073741824
2021/11/08-08:12:59.727815 7f90f7543700 Options.compaction_options_fifo.allow_compaction: 0
2021/11/08-08:12:59.727817 7f90f7543700                   Options.table_properties_collectors: 
2021/11/08-08:12:59.727818 7f90f7543700                   Options.inplace_update_support: 0
2021/11/08-08:12:59.727818 7f90f7543700                 Options.inplace_update_num_locks: 10000
2021/11/08-08:12:59.727819 7f90f7543700               Options.memtable_prefix_bloom_size_ratio: 0,000000
2021/11/08-08:12:59.727820 7f90f7543700               Options.memtable_whole_key_filtering: 0
2021/11/08-08:12:59.727821 7f90f7543700   Options.memtable_huge_page_size: 0
2021/11/08-08:12:59.727821 7f90f7543700                           Options.bloom_locality: 0
2021/11/08-08:12:59.727822 7f90f7543700                    Options.max_successive_merges: 0
2021/11/08-08:12:59.727822 7f90f7543700                Options.optimize_filters_for_hits: 0
2021/11/08-08:12:59.727823 7f90f7543700                Options.paranoid_file_checks: 0
2021/11/08-08:12:59.727823 7f90f7543700                Options.force_consistency_checks: 1
2021/11/08-08:12:59.727824 7f90f7543700                Options.report_bg_io_stats: 0
2021/11/08-08:12:59.727825 7f90f7543700                               Options.ttl: 2592000
2021/11/08-08:12:59.727825 7f90f7543700          Options.periodic_compaction_seconds: 0
2021/11/08-08:12:59.727826 7f90f7543700                    Options.enable_blob_files: false
2021/11/08-08:12:59.727826 7f90f7543700                        Options.min_blob_size: 0
2021/11/08-08:12:59.727827 7f90f7543700                       Options.blob_file_size: 268435456
2021/11/08-08:12:59.727828 7f90f7543700                Options.blob_compression_type: NoCompression
2021/11/08-08:12:59.727828 7f90f7543700       Options.enable_blob_garbage_collection: false
2021/11/08-08:12:59.727829 7f90f7543700   Options.blob_garbage_collection_age_cutoff: 0,250000
2021/11/08-08:12:59.727905 7f90f7543700 [/column_family.cc:597] --------------- Options for column family []:
2021/11/08-08:12:59.727907 7f90f7543700               Options.comparator: leveldb.BytewiseComparator
2021/11/08-08:12:59.727908 7f90f7543700           Options.merge_operator: None
2021/11/08-08:12:59.727908 7f90f7543700        Options.compaction_filter: None
2021/11/08-08:12:59.727909 7f90f7543700        Options.compaction_filter_factory: None
2021/11/08-08:12:59.727909 7f90f7543700  Options.sst_partitioner_factory: None
2021/11/08-08:12:59.727910 7f90f7543700         Options.memtable_factory: SkipListFactory
2021/11/08-08:12:59.727910 7f90f7543700            Options.table_factory: BlockBasedTable
2021/11/08-08:12:59.727924 7f90f7543700            table_factory options:   flush_block_policy_factory: FlushBlockBySizePolicyFactory (0x7f90f1778730)
  cache_index_and_filter_blocks: 0
  cache_index_and_filter_blocks_with_high_priority: 1
  pin_l0_filter_and_index_blocks_in_cache: 0
  pin_top_level_index_and_filter: 1
  index_type: 0
  data_block_index_type: 0
  index_shortening: 1
  data_block_hash_table_util_ratio: 0,750000
  hash_index_allow_collision: 1
  checksum: 1
  no_block_cache: 0
  block_cache: 0x7f90f1778770
  block_cache_name: LRUCache
  block_cache_options:
    capacity : 8388608
    num_shard_bits : 4
    strict_capacity_limit : 0
    memory_allocator : None
    high_pri_pool_ratio: 0,000
  block_cache_compressed: (nil)
  persistent_cache: (nil)
  block_size: 4096
  block_size_deviation: 10
  block_restart_interval: 16
  index_block_restart_interval: 1
  metadata_block_size: 4096
  partition_filters: 0
  use_delta_encoding: 1
  filter_policy: nullptr
  whole_key_filtering: 1
  verify_compression: 0
  read_amp_bytes_per_bit: 0
  format_version: 4
  enable_index_compression: 1
  block_align: 0
2021/11/08-08:12:59.727925 7f90f7543700        Options.write_buffer_size: 67108864
2021/11/08-08:12:59.727926 7f90f7543700  Options.max_write_buffer_number: 2
2021/11/08-08:12:59.727927 7f90f7543700          Options.compression: Snappy
2021/11/08-08:12:59.727932 7f90f7543700                  Options.bottommost_compression: Disabled
2021/11/08-08:12:59.727933 7f90f7543700       Options.prefix_extractor: nullptr
2021/11/08-08:12:59.727933 7f90f7543700   Options.memtable_insert_with_hint_prefix_extractor: nullptr
2021/11/08-08:12:59.727934 7f90f7543700             Options.num_levels: 7
2021/11/08-08:12:59.727935 7f90f7543700        Options.min_write_buffer_number_to_merge: 1
2021/11/08-08:12:59.727935 7f90f7543700     Options.max_write_buffer_number_to_maintain: 0
2021/11/08-08:12:59.727936 7f90f7543700     Options.max_write_buffer_size_to_maintain: 134217728
2021/11/08-08:12:59.727936 7f90f7543700            Options.bottommost_compression_opts.window_bits: -14
2021/11/08-08:12:59.727937 7f90f7543700                  Options.bottommost_compression_opts.level: 32767
2021/11/08-08:12:59.727938 7f90f7543700               Options.bottommost_compression_opts.strategy: 0
2021/11/08-08:12:59.727938 7f90f7543700         Options.bottommost_compression_opts.max_dict_bytes: 0
2021/11/08-08:12:59.727939 7f90f7543700         Options.bottommost_compression_opts.zstd_max_train_bytes: 0
2021/11/08-08:12:59.727939 7f90f7543700         Options.bottommost_compression_opts.parallel_threads: 1
2021/11/08-08:12:59.727940 7f90f7543700                  Options.bottommost_compression_opts.enabled: false
2021/11/08-08:12:59.727941 7f90f7543700            Options.compression_opts.window_bits: -14
2021/11/08-08:12:59.727941 7f90f7543700                  Options.compression_opts.level: 32767
2021/11/08-08:12:59.727942 7f90f7543700               Options.compression_opts.strategy: 0
2021/11/08-08:12:59.727942 7f90f7543700         Options.compression_opts.max_dict_bytes: 0
2021/11/08-08:12:59.727943 7f90f7543700         Options.compression_opts.zstd_max_train_bytes: 0
2021/11/08-08:12:59.727944 7f90f7543700         Options.compression_opts.parallel_threads: 1
2021/11/08-08:12:59.727944 7f90f7543700                  Options.compression_opts.enabled: false
2021/11/08-08:12:59.727945 7f90f7543700      Options.level0_file_num_compaction_trigger: 4
2021/11/08-08:12:59.727945 7f90f7543700          Options.level0_slowdown_writes_trigger: 20
2021/11/08-08:12:59.727946 7f90f7543700              Options.level0_stop_writes_trigger: 36
2021/11/08-08:12:59.727947 7f90f7543700                   Options.target_file_size_base: 67108864
2021/11/08-08:12:59.727947 7f90f7543700             Options.target_file_size_multiplier: 1
2021/11/08-08:12:59.727948 7f90f7543700                Options.max_bytes_for_level_base: 268435456
2021/11/08-08:12:59.727948 7f90f7543700 Options.level_compaction_dynamic_level_bytes: 0
2021/11/08-08:12:59.727949 7f90f7543700          Options.max_bytes_for_level_multiplier: 10,000000
2021/11/08-08:12:59.727950 7f90f7543700 Options.max_bytes_for_level_multiplier_addtl[0]: 1
2021/11/08-08:12:59.727951 7f90f7543700 Options.max_bytes_for_level_multiplier_addtl[1]: 1
2021/11/08-08:12:59.727951 7f90f7543700 Options.max_bytes_for_level_multiplier_addtl[2]: 1
2021/11/08-08:12:59.727952 7f90f7543700 Options.max_bytes_for_level_multiplier_addtl[3]: 1
2021/11/08-08:12:59.727952 7f90f7543700 Options.max_bytes_for_level_multiplier_addtl[4]: 1
2021/11/08-08:12:59.727953 7f90f7543700 Options.max_bytes_for_level_multiplier_addtl[5]: 1
2021/11/08-08:12:59.727954 7f90f7543700 Options.max_bytes_for_level_multiplier_addtl[6]: 1
2021/11/08-08:12:59.727954 7f90f7543700       Options.max_sequential_skip_in_iterations: 8
2021/11/08-08:12:59.727955 7f90f7543700                    Options.max_compaction_bytes: 1677721600
2021/11/08-08:12:59.727955 7f90f7543700                        Options.arena_block_size: 8388608
2021/11/08-08:12:59.727956 7f90f7543700   Options.soft_pending_compaction_bytes_limit: 68719476736
2021/11/08-08:12:59.727957 7f90f7543700   Options.hard_pending_compaction_bytes_limit: 274877906944
2021/11/08-08:12:59.727957 7f90f7543700       Options.rate_limit_delay_max_milliseconds: 100
2021/11/08-08:12:59.727958 7f90f7543700                Options.disable_auto_compactions: 1
2021/11/08-08:12:59.727958 7f90f7543700                        Options.compaction_style: kCompactionStyleLevel
2021/11/08-08:12:59.727962 7f90f7543700                          Options.compaction_pri: kMinOverlappingRatio
2021/11/08-08:12:59.727963 7f90f7543700 Options.compaction_options_universal.size_ratio: 1
2021/11/08-08:12:59.727963 7f90f7543700 Options.compaction_options_universal.min_merge_width: 2
2021/11/08-08:12:59.727964 7f90f7543700 Options.compaction_options_universal.max_merge_width: 4294967295
2021/11/08-08:12:59.727964 7f90f7543700 Options.compaction_options_universal.max_size_amplification_percent: 200
2021/11/08-08:12:59.727965 7f90f7543700 Options.compaction_options_universal.compression_size_percent: -1
2021/11/08-08:12:59.727966 7f90f7543700 Options.compaction_options_universal.stop_style: kCompactionStopStyleTotalSize
2021/11/08-08:12:59.727966 7f90f7543700 Options.compaction_options_fifo.max_table_files_size: 1073741824
2021/11/08-08:12:59.727967 7f90f7543700 Options.compaction_options_fifo.allow_compaction: 0
2021/11/08-08:12:59.727968 7f90f7543700                   Options.table_properties_collectors: 
2021/11/08-08:12:59.727969 7f90f7543700                   Options.inplace_update_support: 0
2021/11/08-08:12:59.727969 7f90f7543700                 Options.inplace_update_num_locks: 10000
2021/11/08-08:12:59.727970 7f90f7543700               Options.memtable_prefix_bloom_size_ratio: 0,000000
2021/11/08-08:12:59.727971 7f90f7543700               Options.memtable_whole_key_filtering: 0
2021/11/08-08:12:59.727971 7f90f7543700   Options.memtable_huge_page_size: 0
2021/11/08-08:12:59.727972 7f90f7543700                           Options.bloom_locality: 0
2021/11/08-08:12:59.727973 7f90f7543700                    Options.max_successive_merges: 0
2021/11/08-08:12:59.727973 7f90f7543700                Options.optimize_filters_for_hits: 0
2021/11/08-08:12:59.727974 7f90f7543700                Options.paranoid_file_checks: 0
2021/11/08-08:12:59.727974 7f90f7543700                Options.force_consistency_checks: 1
2021/11/08-08:12:59.727975 7f90f7543700                Options.report_bg_io_stats: 0
2021/11/08-08:12:59.727975 7f90f7543700                               Options.ttl: 2592000
2021/11/08-08:12:59.727976 7f90f7543700          Options.periodic_compaction_seconds: 0
2021/11/08-08:12:59.727977 7f90f7543700                    Options.enable_blob_files: false
2021/11/08-08:12:59.727977 7f90f7543700                        Options.min_blob_size: 0
2021/11/08-08:12:59.727978 7f90f7543700                       Options.blob_file_size: 268435456
2021/11/08-08:12:59.727978 7f90f7543700                Options.blob_compression_type: NoCompression
2021/11/08-08:12:59.727979 7f90f7543700       Options.enable_blob_garbage_collection: false
2021/11/08-08:12:59.727980 7f90f7543700   Options.blob_garbage_collection_age_cutoff: 0,250000
2021/11/08-08:12:59.728017 7f90f7543700 [/column_family.cc:597] --------------- Options for column family []:
2021/11/08-08:12:59.728018 7f90f7543700               Options.comparator: leveldb.BytewiseComparator
2021/11/08-08:12:59.728019 7f90f7543700           Options.merge_operator: None
2021/11/08-08:12:59.728019 7f90f7543700        Options.compaction_filter: None
2021/11/08-08:12:59.728020 7f90f7543700        Options.compaction_filter_factory: None
2021/11/08-08:12:59.728020 7f90f7543700  Options.sst_partitioner_factory: None
2021/11/08-08:12:59.728021 7f90f7543700         Options.memtable_factory: SkipListFactory
2021/11/08-08:12:59.728022 7f90f7543700            Options.table_factory: BlockBasedTable
2021/11/08-08:12:59.728034 7f90f7543700            table_factory options:   flush_block_policy_factory: FlushBlockBySizePolicyFactory (0x7f90f177a580)
  cache_index_and_filter_blocks: 0
  cache_index_and_filter_blocks_with_high_priority: 1
  pin_l0_filter_and_index_blocks_in_cache: 0
  pin_top_level_index_and_filter: 1
  index_type: 0
  data_block_index_type: 0
  index_shortening: 1
  data_block_hash_table_util_ratio: 0,750000
  hash_index_allow_collision: 1
  checksum: 1
  no_block_cache: 0
  block_cache: 0x7f90f177a5c0
  block_cache_name: LRUCache
  block_cache_options:
    capacity : 8388608
    num_shard_bits : 4
    strict_capacity_limit : 0
    memory_allocator : None
    high_pri_pool_ratio: 0,000
  block_cache_compressed: (nil)
  persistent_cache: (nil)
  block_size: 4096
  block_size_deviation: 10
  block_restart_interval: 16
  index_block_restart_interval: 1
  metadata_block_size: 4096
  partition_filters: 0
  use_delta_encoding: 1
  filter_policy: nullptr
  whole_key_filtering: 1
  verify_compression: 0
  read_amp_bytes_per_bit: 0
  format_version: 4
  enable_index_compression: 1
  block_align: 0
2021/11/08-08:12:59.728040 7f90f7543700        Options.write_buffer_size: 67108864
2021/11/08-08:12:59.728041 7f90f7543700  Options.max_write_buffer_number: 2
2021/11/08-08:12:59.728041 7f90f7543700          Options.compression: Snappy
2021/11/08-08:12:59.728042 7f90f7543700                  Options.bottommost_compression: Disabled
2021/11/08-08:12:59.728042 7f90f7543700       Options.prefix_extractor: nullptr
2021/11/08-08:12:59.728043 7f90f7543700   Options.memtable_insert_with_hint_prefix_extractor: nullptr
2021/11/08-08:12:59.728044 7f90f7543700             Options.num_levels: 7
2021/11/08-08:12:59.728044 7f90f7543700        Options.min_write_buffer_number_to_merge: 1
2021/11/08-08:12:59.728045 7f90f7543700     Options.max_write_buffer_number_to_maintain: 0
2021/11/08-08:12:59.728045 7f90f7543700     Options.max_write_buffer_size_to_maintain: 134217728
2021/11/08-08:12:59.728046 7f90f7543700            Options.bottommost_compression_opts.window_bits: -14
2021/11/08-08:12:59.728047 7f90f7543700                  Options.bottommost_compression_opts.level: 32767
2021/11/08-08:12:59.728047 7f90f7543700               Options.bottommost_compression_opts.strategy: 0
2021/11/08-08:12:59.728048 7f90f7543700         Options.bottommost_compression_opts.max_dict_bytes: 0
2021/11/08-08:12:59.728048 7f90f7543700         Options.bottommost_compression_opts.zstd_max_train_bytes: 0
2021/11/08-08:12:59.728049 7f90f7543700         Options.bottommost_compression_opts.parallel_threads: 1
2021/11/08-08:12:59.728049 7f90f7543700                  Options.bottommost_compression_opts.enabled: false
2021/11/08-08:12:59.728050 7f90f7543700            Options.compression_opts.window_bits: -14
2021/11/08-08:12:59.728051 7f90f7543700                  Options.compression_opts.level: 32767
2021/11/08-08:12:59.728051 7f90f7543700               Options.compression_opts.strategy: 0
2021/11/08-08:12:59.728052 7f90f7543700         Options.compression_opts.max_dict_bytes: 0
2021/11/08-08:12:59.728052 7f90f7543700         Options.compression_opts.zstd_max_train_bytes: 0
2021/11/08-08:12:59.728053 7f90f7543700         Options.compression_opts.parallel_threads: 1
2021/11/08-08:12:59.728054 7f90f7543700                  Options.compression_opts.enabled: false
2021/11/08-08:12:59.728054 7f90f7543700      Options.level0_file_num_compaction_trigger: 4
2021/11/08-08:12:59.728055 7f90f7543700          Options.level0_slowdown_writes_trigger: 20
2021/11/08-08:12:59.728055 7f90f7543700              Options.level0_stop_writes_trigger: 36
2021/11/08-08:12:59.728056 7f90f7543700                   Options.target_file_size_base: 67108864
2021/11/08-08:12:59.728056 7f90f7543700             Options.target_file_size_multiplier: 1
2021/11/08-08:12:59.728057 7f90f7543700                Options.max_bytes_for_level_base: 268435456
2021/11/08-08:12:59.728058 7f90f7543700 Options.level_compaction_dynamic_level_bytes: 0
2021/11/08-08:12:59.728058 7f90f7543700          Options.max_bytes_for_level_multiplier: 10,000000
2021/11/08-08:12:59.728059 7f90f7543700 Options.max_bytes_for_level_multiplier_addtl[0]: 1
2021/11/08-08:12:59.728060 7f90f7543700 Options.max_bytes_for_level_multiplier_addtl[1]: 1
2021/11/08-08:12:59.728061 7f90f7543700 Options.max_bytes_for_level_multiplier_addtl[2]: 1
2021/11/08-08:12:59.728061 7f90f7543700 Options.max_bytes_for_level_multiplier_addtl[3]: 1
2021/11/08-08:12:59.728062 7f90f7543700 Options.max_bytes_for_level_multiplier_addtl[4]: 1
2021/11/08-08:12:59.728062 7f90f7543700 Options.max_bytes_for_level_multiplier_addtl[5]: 1
2021/11/08-08:12:59.728065 7f90f7543700 Options.max_bytes_for_level_multiplier_addtl[6]: 1
2021/11/08-08:12:59.728066 7f90f7543700       Options.max_sequential_skip_in_iterations: 8
2021/11/08-08:12:59.728067 7f90f7543700                    Options.max_compaction_bytes: 1677721600
2021/11/08-08:12:59.728067 7f90f7543700                        Options.arena_block_size: 8388608
2021/11/08-08:12:59.728068 7f90f7543700   Options.soft_pending_compaction_bytes_limit: 68719476736
2021/11/08-08:12:59.728069 7f90f7543700   Options.hard_pending_compaction_bytes_limit: 274877906944
2021/11/08-08:12:59.728069 7f90f7543700       Options.rate_limit_delay_max_milliseconds: 100
2021/11/08-08:12:59.728070 7f90f7543700                Options.disable_auto_compactions: 1
2021/11/08-08:12:59.728070 7f90f7543700                        Options.compaction_style: kCompactionStyleLevel
2021/11/08-08:12:59.728071 7f90f7543700                          Options.compaction_pri: kMinOverlappingRatio
2021/11/08-08:12:59.728072 7f90f7543700 Options.compaction_options_universal.size_ratio: 1
2021/11/08-08:12:59.728072 7f90f7543700 Options.compaction_options_universal.min_merge_width: 2
2021/11/08-08:12:59.728073 7f90f7543700 Options.compaction_options_universal.max_merge_width: 4294967295
2021/11/08-08:12:59.728073 7f90f7543700 Options.compaction_options_universal.max_size_amplification_percent: 200
2021/11/08-08:12:59.728074 7f90f7543700 Options.compaction_options_universal.compression_size_percent: -1
2021/11/08-08:12:59.728075 7f90f7543700 Options.compaction_options_universal.stop_style: kCompactionStopStyleTotalSize
2021/11/08-08:12:59.728075 7f90f7543700 Options.compaction_options_fifo.max_table_files_size: 1073741824
2021/11/08-08:12:59.728076 7f90f7543700 Options.compaction_options_fifo.allow_compaction: 0
2021/11/08-08:12:59.728077 7f90f7543700                   Options.table_properties_collectors: 
2021/11/08-08:12:59.728078 7f90f7543700                   Options.inplace_update_support: 0
2021/11/08-08:12:59.728078 7f90f7543700                 Options.inplace_update_num_locks: 10000
2021/11/08-08:12:59.728079 7f90f7543700               Options.memtable_prefix_bloom_size_ratio: 0,000000
2021/11/08-08:12:59.728080 7f90f7543700               Options.memtable_whole_key_filtering: 0
2021/11/08-08:12:59.728080 7f90f7543700   Options.memtable_huge_page_size: 0
2021/11/08-08:12:59.728081 7f90f7543700                           Options.bloom_locality: 0
2021/11/08-08:12:59.728082 7f90f7543700                    Options.max_successive_merges: 0
2021/11/08-08:12:59.728082 7f90f7543700                Options.optimize_filters_for_hits: 0
2021/11/08-08:12:59.728083 7f90f7543700                Options.paranoid_file_checks: 0
2021/11/08-08:12:59.728083 7f90f7543700                Options.force_consistency_checks: 1
2021/11/08-08:12:59.728084 7f90f7543700                Options.report_bg_io_stats: 0
2021/11/08-08:12:59.728084 7f90f7543700                               Options.ttl: 2592000
2021/11/08-08:12:59.728085 7f90f7543700          Options.periodic_compaction_seconds: 0
2021/11/08-08:12:59.728086 7f90f7543700                    Options.enable_blob_files: false
2021/11/08-08:12:59.728086 7f90f7543700                        Options.min_blob_size: 0
2021/11/08-08:12:59.728087 7f90f7543700                       Options.blob_file_size: 268435456
2021/11/08-08:12:59.728087 7f90f7543700                Options.blob_compression_type: NoCompression
2021/11/08-08:12:59.728088 7f90f7543700       Options.enable_blob_garbage_collection: false
2021/11/08-08:12:59.728089 7f90f7543700   Options.blob_garbage_collection_age_cutoff: 0,250000
2021/11/08-08:12:59.728112 7f90f7543700 [/column_family.cc:597] --------------- Options for column family []:
2021/11/08-08:12:59.728113 7f90f7543700               Options.comparator: leveldb.BytewiseComparator
2021/11/08-08:12:59.728114 7f90f7543700           Options.merge_operator: None
2021/11/08-08:12:59.728114 7f90f7543700        Options.compaction_filter: None
2021/11/08-08:12:59.728119 7f90f7543700        Options.compaction_filter_factory: None
2021/11/08-08:12:59.728120 7f90f7543700  Options.sst_partitioner_factory: None
2021/11/08-08:12:59.728120 7f90f7543700         Options.memtable_factory: SkipListFactory
2021/11/08-08:12:59.728121 7f90f7543700            Options.table_factory: BlockBasedTable
2021/11/08-08:12:59.728132 7f90f7543700            table_factory options:   flush_block_policy_factory: FlushBlockBySizePolicyFactory (0x7f90f177c5a0)
  cache_index_and_filter_blocks: 0
  cache_index_and_filter_blocks_with_high_priority: 1
  pin_l0_filter_and_index_blocks_in_cache: 0
  pin_top_level_index_and_filter: 1
  index_type: 0
  data_block_index_type: 0
  index_shortening: 1
  data_block_hash_table_util_ratio: 0,750000
  hash_index_allow_collision: 1
  checksum: 1
  no_block_cache: 0
  block_cache: 0x7f90f177c5e0
  block_cache_name: LRUCache
  block_cache_options:
    capacity : 8388608
    num_shard_bits : 4
    strict_capacity_limit : 0
    memory_allocator : None
    high_pri_pool_ratio: 0,000
  block_cache_compressed: (nil)
  persistent_cache: (nil)
  block_size: 4096
  block_size_deviation: 10
  block_restart_interval: 16
  index_block_restart_interval: 1
  metadata_block_size: 4096
  partition_filters: 0
  use_delta_encoding: 1
  filter_policy: nullptr
  whole_key_filtering: 1
  verify_compression: 0
  read_amp_bytes_per_bit: 0
  format_version: 4
  enable_index_compression: 1
  block_align: 0
2021/11/08-08:12:59.728133 7f90f7543700        Options.write_buffer_size: 67108864
2021/11/08-08:12:59.728133 7f90f7543700  Options.max_write_buffer_number: 2
2021/11/08-08:12:59.728134 7f90f7543700          Options.compression: Snappy
2021/11/08-08:12:59.728135 7f90f7543700                  Options.bottommost_compression: Disabled
2021/11/08-08:12:59.728135 7f90f7543700       Options.prefix_extractor: nullptr
2021/11/08-08:12:59.728136 7f90f7543700   Options.memtable_insert_with_hint_prefix_extractor: nullptr
2021/11/08-08:12:59.728136 7f90f7543700             Options.num_levels: 7
2021/11/08-08:12:59.728137 7f90f7543700        Options.min_write_buffer_number_to_merge: 1
2021/11/08-08:12:59.728138 7f90f7543700     Options.max_write_buffer_number_to_maintain: 0
2021/11/08-08:12:59.728138 7f90f7543700     Options.max_write_buffer_size_to_maintain: 134217728
2021/11/08-08:12:59.728139 7f90f7543700            Options.bottommost_compression_opts.window_bits: -14
2021/11/08-08:12:59.728139 7f90f7543700                  Options.bottommost_compression_opts.level: 32767
2021/11/08-08:12:59.728140 7f90f7543700               Options.bottommost_compression_opts.strategy: 0
2021/11/08-08:12:59.728141 7f90f7543700         Options.bottommost_compression_opts.max_dict_bytes: 0
2021/11/08-08:12:59.728141 7f90f7543700         Options.bottommost_compression_opts.zstd_max_train_bytes: 0
2021/11/08-08:12:59.728142 7f90f7543700         Options.bottommost_compression_opts.parallel_threads: 1
